   5.1385338662351988e-03
   6.0349306601674190e-03
   7.0794165875141786e-03
   8.2950746216829529e-03
   9.7083675435344786e-03
   1.1349600341104901e-02
   1.3253441335274545e-02
   1.5459508897972436e-02
   1.8013031360740180e-02
   2.0965588512583528e-02
   2.4375943962893439e-02
   2.8310978604093096e-02
   3.2846736456279300e-02
   3.8069595319674555e-02
   4.4077575907871064e-02
   5.0981804493793123e-02
   5.8908145579816253e-02
   6.7999022712826859e-02
   7.8415447314137549e-02
   9.0339277293571899e-02
   1.0397572927799183e-01
   1.1955617051886820e-01
   1.3734121896386961e-01
   1.5762418259722810e-01
   1.8073487198701785e-01
   2.0704382303943369e-01
   2.3696697026658461e-01
   2.7097081444195709e-01
   3.0957813236427723e-01
   3.5337428059466325e-01
   4.0301414949349312e-01
   4.5922982868289003e-01
   5.2283905022018551e-01
   5.9475448131006803e-01
   6.7599394433234961e-01
   7.6769164834405368e-01
   8.7111052305526770e-01
   9.8765575360582092e-01
   1.1188896223135814e+00
   1.2665477719562923e+00
   1.4325570141179143e+00
   1.6190548157130955e+00
   1.8284106070329553e+00
   2.0632490655690425e+00
   2.3264755415089668e+00
   2.6213038031955782e+00
   2.9512862940441438e+00
   3.3203471064612309e+00
   3.7328178932512150e+00
   4.1934769528769422e+00
   4.7075917418088844e+00
   5.2809650851058683e+00
   5.9199853753662186e+00
   6.6316810703326254e+00
   7.4237798207799202e+00
   8.3047725829189432e+00
   9.2839830934782199e+00
   1.0371643110936009e+01
   1.1578973853133983e+01
   1.2918274089781104e+01
   1.4403015378216518e+01
   1.6047944962318024e+01
   1.7869196887690741e+01
   1.9884411921329686e+01
   2.2112866900882555e+01
   2.4575614177553078e+01
   2.7295631857638412e+01
   3.0297985590779341e+01
   3.3610002698320066e+01
   3.7261459482797015e+01
   4.1284782609605656e+01
   4.5715265504421147e+01
   5.0591300765088462e+01
   5.5954629644507747e+01
   6.1850609721679788e+01
   6.8328501941603349e+01
   7.5441778271258869e+01
   8.3248451288575851e+01
   9.1811427094193448e+01
   1.0119888301205107e+02
   1.1148467162457598e+02
