   1.5911157023055363e-12
   2.0251227558642781e-12
   2.5729961158677558e-12
   3.2634230210940782e-12
   4.1320183496580576e-12
   5.2229248872748773e-12
   6.5907663711156573e-12
   8.3030273279936443e-12
   1.0442948461532978e-11
   1.3113043852368037e-11
   1.6439367009666601e-11
   2.0576677424246308e-11
   2.5714688390213833e-11
   3.2085611258856281e-11
   3.9973251865720451e-11
   4.9723962673240927e-11
   6.1759810405535824e-11
   7.6594385016552254e-11
   9.4851753341511401e-11
   1.1728915159564350e-10
   1.4482411714737266e-10
   1.7856688417121793e-10
   2.1985901271172559e-10
   2.7031938961447136e-10
   3.3189893642881572e-10
   4.0694558802338051e-10
   4.9828137115407811e-10
   6.0929372015172126e-10
   7.4404352359959194e-10
   9.0739280858255924e-10
   1.1051554460361492e-09
   1.3442748112572495e-09
   1.6330329683744607e-09
   1.9812966785530583e-09
   2.4008063725613481e-09
   2.9055151944809325e-09
   3.5119863322381509e-09
   4.2398581219524111e-09
   5.1123878690417110e-09
   6.1570869946060112e-09
   7.4064620189734655e-09
   8.8988780670877440e-09
   1.0679564058178799e-08
   1.2801781564766092e-08
   1.5328182538186042e-08
   1.8332384749564762e-08
   2.1900797942431459e-08
   2.6134738398571417e-08
   3.1152874952071863e-08
   3.7094055525712827e-08
   4.4120570095735353e-08
   5.2421913712176706e-08
   6.2219121919895262e-08
   7.3769760759578828e-08
   8.7373664610993212e-08
   1.0337952761959385e-07
   1.2219246848537840e-07
   1.4428270417000783e-07
   1.7019548579433729e-07
   2.0056246987437877e-07
   2.3611472032299413e-07
   2.7769756159617117e-07
   3.2628753128317358e-07
   3.8301171165566216e-07
   4.4916975456145854e-07
   5.2625895296955448e-07
   6.1600275587829974e-07
   7.2038317166573853e-07
   8.4167755881276966e-07
   9.8250036284031783e-07
   1.1458504248986182e-06
   1.3351645614186914e-06
   1.5543781963348387e-06
   1.8079939184342819e-06
   2.1011589372845822e-06
   2.4397525229101363e-06
   2.8304846380036539e-06
   3.2810071081325585e-06
   3.8000388263994379e-06
   4.3975066557197569e-06
   5.0847038757876580e-06
