   3.2295161557323785e+09
   2.9800320216103849e+09
   2.7514291777803988e+09
   2.5418324771460333e+09
   2.3495460866813159e+09
   2.1730353367242637e+09
   2.0109105055458155e+09
   1.8619123227320623e+09
   1.7248990002289016e+09
   1.5988346221230266e+09
   1.4827787437654996e+09
   1.3758770680213492e+09
   1.2773530815477309e+09
   1.1865005473182805e+09
   1.1026767613487639e+09
   1.0252964919312254e+09
   9.5382652882198679e+08
   8.8778077790078330e+08
   8.2671584395287526e+08
   7.7022705053761673e+08
   7.1794485149311411e+08
   6.6953159357494521e+08
   6.2467859411316681e+08
   5.8310350146184933e+08
   5.4454790946816158e+08
   5.0877520025487602e+08
   4.7556859233517259e+08
   4.4472937350229406e+08
   4.1607530009343529e+08
   3.8943914614737821e+08
   3.6466738768648362e+08
   3.4161900887913662e+08
   3.2016441819948393e+08
   3.0018446391603374e+08
   2.8156953932571912e+08
   2.6421876911960223e+08
   2.4803926913352147e+08
   2.3294547251289049e+08
   2.1885851601539597e+08
   2.0570568079773217e+08
   1.9341988259010425e+08
   1.8193920666259325e+08
   1.7120648343624961e+08
   1.6116890099481565e+08
   1.5177765111507377e+08
   1.4298760575913683e+08
   1.3475702126479176e+08
   1.2704726773323005e+08
   1.1982258135064864e+08
   1.1304983759379211e+08
   1.0669834346188366e+08
   1.0073964705106123e+08
   9.5147362943951115e+07
   8.9897012028353602e+07
   8.4965874486691415e+07
   8.0332854813170120e+07
   7.5978357819894150e+07
   7.1884174687460363e+07
   6.8033378200911343e+07
   6.4410226389176376e+07
   6.1000073856106266e+07
   5.7789290154643148e+07
   5.4765184613146275e+07
   5.1915937075068630e+07
   4.9230534060496092e+07
   4.6698709901045322e+07
   4.4310892438655026e+07
   4.2058152914262913e+07
   3.9932159704636462e+07
   3.7925135594940215e+07
   3.6029818301335819e+07
   3.4239423982198849e+07
   3.2547613498684373e+07
   3.0948461205535643e+07
   2.9436426071419414e+07
   2.8006324944835439e+07
   2.6653307796953138e+07
   2.5372834786681745e+07
   2.4160655006039869e+07
   2.3012786775529612e+07
   2.1925499369873568e+07
